8.547150259
8.508462867
8.469775475
8.417271157
8.417271157
8.095336788
8
8.038687392
8.089810017
8.146459413
8.146459413
8.353713299
8.357858377
8.374438687
8.404835924
8.404835924
8.536096718
8.484974093
8.389637306
8.367530225
8.367530225
8.384110535
8.110535406
8.244559585
8.2791019
8.274956822
8.432469775
8.595509499
8.729533679
8.889810017
8.985146805
9.050086356
9.025215889
9.016925734
9.018307427
9.065284974
9.072193437
9.144041451
9.173056995
9.280829016
9.280829016
9.418998273
9.615198618
9.622107081
9.569602763
9.569602763
9.622107081
9.681519862
9.620725389
9.485319516
9.366493955
9.301554404
9.413471503
9.575129534
9.575129534
9.561312608
9.46597582
9.512953368
9.55716753
9.55716753
9.711917098
9.810017271
9.881865285
9.88462867
9.877720207
9.843177893
9.732642487
9.732642487
9.716062176
9.604145078
9.399654577
9.240759931
9.080483592
8.969948187
8.954749568
8.954749568
9.325043178
9.550259067
9.651122625
9.939896373
9.939896373
10.07668394
10.08773748
10.03523316
10.01312608
10.02141623
10.02141623
10.16096718
10.34749568
10.50639033
10.70259067
10.87944732
10.99689119
10.99689119
10.95405872
10.91813472
10.9015544
10.9015544
10.81312608
10.79516408
10.84214162
10.91951641
10.91951641
11.34093264
11.42659758
11.57305699
11.71813472
11.71951641
11.71951641
11.8701209
12
12.15613126
12.21001727
12.35094991
12.35094991
12.45872193
12.45043178
12.51398964
12.72815199
12.97823834
13.09153713
13.34715026
13.62210708
13.62210708
14.15267703
14.26321244
14.39170984
14.48566494
14.65423143
14.65423143
14.82970639
15.25388601
15.25388601
15.73333333
15.96545769
15.96545769
16.43799655
16.67150259
16.84974093
17.05146805
17.24905009
17.39827288
17.47841105
17.74645941
17.74645941
17.91226252
18.30051813
18.55198618
18.80621762
18.94853195
19.05768566
19.22487047
19.30362694
19.36994819
19.37962003
19.42936097
19.42936097
19.31468048
19.23454231
19.41416235
19.80932642
19.90604491
19.90604491
19.91295337
19.99723661
20
20
19.33816926
19.00932642
18.53402418
18.53402418
18.12366149
17.81001727
17.92607945
18.1388601
18.21623489
18.08221071
18.01174439
18.06977547
18.03937824
17.78376511
17.56683938
17.38307427
17.21450777
16.95613126
16.9119171
16.9119171
17.0224525
17.08877375
17.18549223
17.40794473
17.45215889
17.39827288
17.38998273
17.46183074
17.44663212
17.32780656
17.22417962
17.22417962
16.93126079
16.93126079
16.90086356
16.79861831
16.79861831
16.49326425
16.37582038
16.27633851
16.2224525
16.12158895
15.98341969
15.79827288
15.72642487
15.70017271
15.65734024
15.83143351
16.09810017
16.29982729
16.38549223
16.25423143
16.017962
16.04145078
16.0566494
16.15474957
16.28462867
16.4656304
16.63005181
16.7447323
16.85941278
16.76960276
16.87322971
16.87322971
17.20345423
17.35958549
17.42176166
17.46873921
17.52262522
17.64006908
17.8238342
17.8791019
17.8984456
17.8984456
17.93851468
18.03799655
17.82659758
17.70224525
17.66079447
17.79620035
17.91778929
17.91778929
17.91778929
17.65941278
17.63868739
17.53091537
17.57651123
17.57651123
17.59447323
17.53506045
17.53644214
17.54887737
17.55164076
17.55164076
17.60276339
17.60276339
17.65941278
17.59861831
17.59861831
17.54611399
17.79896373
17.79896373
18.1582038
18.1582038
18.22867012
18.29222798
18.59481865
18.69430052
18.7537133
18.7537133
18.81312608
18.87530225
18.87253886
18.95958549
19.02314335
18.9775475
19.05354059
19.06735751
5
5
5
5
5
10.12352045
10.43150123
10.65791632
10.56088128
10.5369741
10.5369741
10.53275519
10.65932263
10.85761163
11.13324739
11.43560295
11.43560295
11.76749092
11.76749092
11.79983593
11.85186921
11.94046642
12.07828431
12.13594281
12.22735263
12.1893824
12.24422829
12.24422829
12.2456346
12.22454002
12.35251377
12.41298488
12.42423532
12.43689207
12.5311145
12.5311145
12.46501816
12.588773
12.59580452
12.75190437
12.75049807
12.81378179
12.91644205
13.01488339
13.00363295
13.00363295
13.08660495
13.12176257
13.14426345
13.24692371
13.41005508
13.54646666
13.71381695
13.60412516
13.70959803
13.89663659
14.17930388
14.17930388
14.85714286
15.17496777
15.17778038
14.37759287
14.39446853
14.85995547
14.85995547
15.32262979
15.64186101
16.0665651
16.16360014
16.01734443
16.03000117
16.03000117
16.20438298
16.3787648
16.45470526
16.71627798
16.79503106
16.86394
16.88222196
17.02988398
17.23098559
17.47849525
17.53756006
17.82585257
18.18867925
18.40525021
18.40525021
18.94386499
19.04793156
19.01136763
19.0873081
19.15762334
19.49654283
19.42482128
19.42482128
19.45435369
19.63436072
19.73983359
19.8579632
19.91843431
19.89733974
19.95359194
19.95359194
20
19.94515411
19.89030822
19.72014532
19.41778976
18.93120825
18.69916794
18.5740068
18.52056721
18.44040783
18.39259346
18.29555842
18.27868276
18.12398922
18.12398922
17.64584554
17.39974218
17.21129732
17.12551272
17.08051096
17.25067385
17.37020977
17.25629907
17.0636353
17.13113794
17.13816946
17.36317825
17.80335169
17.94538849
18.10992617
18.13945857
18.25477558
18.27165124
18.2885269
18.13805227
18.13805227
18.16477206
18.27446385
18.27446385
18.18586664
18.47415915
18.70198055
19.16746748
19.37700691
19.34044299
19.34044299
19.35028712
19.80592992
19.80874253
19.49373022
19.4571663
19.46138521
19.46138521
19.3446619
19.40513301
19.53451307
19.50076175
19.39106996
19.16043595
19.07746396
19.00714872
19.03949373
18.96214696
18.96214696
19.11402789
19.06761983
18.8299543
18.4896285
18.27868276
18.04523614
17.97773351
18.00164069
18.00164069
17.96085785
17.85679128
17.83147779
17.76960038
17.68240947
17.65709598
17.48130786
17.08613618
16.70502754
16.57705379
16.41673503
16.22688386
16.08765967
16.08765967
15.90484003
15.58842142
15.50966835
15.4098207
15.3240361
15.15668581
15.20731279
15.20731279
15.01464901
14.83745459
14.4408766
14.17086605
13.99226532
14.01617251
14.01617251
13.99648424
13.61115669
13.4438064
13.23707957
12.86862768
12.30891832
12.30891832
11.48622993
11.35122466
11.02355561
10.70010547
10.5932263
10.43572015
10.24868159
10.08273761
9.80710184
9.59053088
9.428805813
9.241767257
9.233329427
9.05754131
8.786124458
8.786124458
8.631430915
8.613148951
8.547052619
8.503457166
8.447204969
8.258760108
8.258760108
8
8.077346771
8.153287238
8.243290754
8.251728583
8.220789875
8.345951014
8.345951014
8.597679597
8.707371382
8.615961561
8.485175202
8.544240009
8.544240009
8.74393531
9.47943279
9.756474862
9.919606235
10.01101606
10.1094574
10.29368335
10.38368686
10.48775343
10.62416501
10.76901441
10.80557834
10.79854682
10.81964139
10.87167467
10.87167467
11.07277628
11.07558889
11.07558889
11.17824915
11.22465721
11.30341029
11.41169577
11.5059182
11.5059182
11.69576937
11.90671511
12.15563108
12.34126333
12.33704442
12.61127388
12.57049103
12.57049103
13.18082738
13.33270831
13.56193601
13.56193601
13.97398336
14.11039494
14.20883628
14.33540373
14.27352631
14.16664713
14.16242822
5
5
5
5
5
8.547150259
8.508462867
8.469775475
8.417271157
8.417271157
8.095336788
8
8.038687392
8.089810017
8.146459413
8.146459413
8.353713299
8.357858377
8.374438687
8.404835924
8.404835924
8.536096718
8.484974093
8.389637306
8.367530225
8.367530225
8.384110535
8.110535406
8.244559585
8.2791019
8.274956822
8.432469775
8.595509499
8.729533679
8.889810017
8.985146805
9.050086356
9.025215889
9.016925734
9.018307427
9.065284974
9.072193437
9.144041451
9.173056995
9.280829016
9.280829016
9.418998273
9.615198618
9.622107081
9.569602763
9.569602763
9.622107081
9.681519862
9.620725389
9.485319516
9.366493955
9.301554404
9.413471503
9.575129534
9.575129534
9.561312608
9.46597582
9.512953368
9.55716753
9.55716753
9.711917098
9.810017271
9.881865285
9.88462867
9.877720207
9.843177893
9.732642487
9.732642487
9.716062176
9.604145078
9.399654577
9.240759931
9.080483592
8.969948187
8.954749568
8.954749568
9.325043178
9.550259067
9.651122625
9.939896373
9.939896373
10.07668394
10.08773748
10.03523316
10.01312608
10.02141623
10.02141623
10.16096718
10.34749568
10.50639033
10.70259067
10.87944732
10.99689119
10.99689119
10.95405872
10.91813472
10.9015544
10.9015544
10.81312608
10.79516408
10.84214162
10.91951641
10.91951641
11.34093264
11.42659758
11.57305699
11.71813472
11.71951641
11.71951641
11.8701209
12
12.15613126
12.21001727
12.35094991
12.35094991
12.45872193
12.45043178
12.51398964
12.72815199
12.97823834
13.09153713
13.34715026
13.62210708
13.62210708
14.15267703
14.26321244
14.39170984
14.48566494
14.65423143
14.65423143
14.82970639
15.25388601
15.25388601
15.73333333
15.96545769
15.96545769
16.43799655
16.67150259
16.84974093
17.05146805
17.24905009
17.39827288
17.47841105
17.74645941
17.74645941
17.91226252
18.30051813
18.55198618
18.80621762
18.94853195
19.05768566
19.22487047
19.30362694
19.36994819
19.37962003
19.42936097
19.42936097
19.31468048
19.23454231
19.41416235
19.80932642
19.90604491
19.90604491
19.91295337
19.99723661
20
20
19.33816926
19.00932642
18.53402418
18.53402418
18.12366149
17.81001727
17.92607945
18.1388601
18.21623489
18.08221071
18.01174439
18.06977547
18.03937824
17.78376511
17.56683938
17.38307427
17.21450777
16.95613126
16.9119171
16.9119171
17.0224525
17.08877375
17.18549223
17.40794473
17.45215889
17.39827288
17.38998273
17.46183074
17.44663212
17.32780656
17.22417962
17.22417962
16.93126079
16.93126079
16.90086356
16.79861831
16.79861831
16.49326425
16.37582038
16.27633851
16.2224525
16.12158895
15.98341969
15.79827288
15.72642487
15.70017271
15.65734024
15.83143351
16.09810017
16.29982729
16.38549223
16.25423143
16.017962
16.04145078
16.0566494
16.15474957
16.28462867
16.4656304
16.63005181
16.7447323
16.85941278
16.76960276
16.87322971
16.87322971
17.20345423
17.35958549
17.42176166
17.46873921
17.52262522
17.64006908
17.8238342
17.8791019
17.8984456
17.8984456
17.93851468
18.03799655
17.82659758
17.70224525
17.66079447
17.79620035
17.91778929
17.91778929
17.91778929
17.65941278
17.63868739
17.53091537
17.57651123
17.57651123
17.59447323
17.53506045
17.53644214
17.54887737
17.55164076
17.55164076
17.60276339
17.60276339
17.65941278
17.59861831
17.59861831
17.54611399
17.79896373
17.79896373
18.1582038
18.1582038
18.22867012
18.29222798
18.59481865
18.69430052
18.7537133
18.7537133
18.81312608
18.87530225
18.87253886
18.95958549
19.02314335
18.9775475
19.05354059
19.06735751
5
5
5
5
5
10.12352045
10.43150123
10.65791632
10.56088128
10.5369741
10.5369741
10.53275519
10.65932263
10.85761163
11.13324739
11.43560295
11.43560295
11.76749092
11.76749092
11.79983593
11.85186921
11.94046642
12.07828431
12.13594281
12.22735263
12.1893824
12.24422829
12.24422829
12.2456346
12.22454002
12.35251377
12.41298488
12.42423532
12.43689207
12.5311145
12.5311145
12.46501816
12.588773
12.59580452
12.75190437
12.75049807
12.81378179
12.91644205
13.01488339
13.00363295
13.00363295
13.08660495
13.12176257
13.14426345
13.24692371
13.41005508
13.54646666
13.71381695
13.60412516
13.70959803
13.89663659
14.17930388
14.17930388
14.85714286
15.17496777
15.17778038
14.37759287
14.39446853
14.85995547
14.85995547
15.32262979
15.64186101
16.0665651
16.16360014
16.01734443
16.03000117
16.03000117
16.20438298
16.3787648
16.45470526
16.71627798
16.79503106
16.86394
16.88222196
17.02988398
17.23098559
17.47849525
17.53756006
17.82585257
18.18867925
18.40525021
18.40525021
18.94386499
19.04793156
19.01136763
19.0873081
19.15762334
19.49654283
19.42482128
19.42482128
19.45435369
19.63436072
19.73983359
19.8579632
19.91843431
19.89733974
19.95359194
19.95359194
20
19.94515411
19.89030822
19.72014532
19.41778976
18.93120825
18.69916794
18.5740068
18.52056721
18.44040783
18.39259346
18.29555842
18.27868276
18.12398922
18.12398922
17.64584554
17.39974218
17.21129732
17.12551272
17.08051096
17.25067385
17.37020977
17.25629907
17.0636353
17.13113794
17.13816946
17.36317825
17.80335169
17.94538849
18.10992617
18.13945857
18.25477558
18.27165124
18.2885269
18.13805227
18.13805227
18.16477206
18.27446385
18.27446385
18.18586664
18.47415915
18.70198055
19.16746748
19.37700691
19.34044299
19.34044299
19.35028712
19.80592992
19.80874253
19.49373022
19.4571663
19.46138521
19.46138521
19.3446619
19.40513301
19.53451307
19.50076175
19.39106996
19.16043595
19.07746396
19.00714872
19.03949373
18.96214696
18.96214696
19.11402789
19.06761983
18.8299543
18.4896285
18.27868276
18.04523614
17.97773351
18.00164069
18.00164069
17.96085785
17.85679128
17.83147779
17.76960038
17.68240947
17.65709598
17.48130786
17.08613618
16.70502754
16.57705379
16.41673503
16.22688386
16.08765967
16.08765967
15.90484003
15.58842142
15.50966835
15.4098207
15.3240361
15.15668581
15.20731279
15.20731279
15.01464901
14.83745459
14.4408766
14.17086605
13.99226532
14.01617251
14.01617251
13.99648424
13.61115669
13.4438064
13.23707957
12.86862768
12.30891832
12.30891832
11.48622993
11.35122466
11.02355561
10.70010547
10.5932263
10.43572015
10.24868159
10.08273761
9.80710184
9.59053088
9.428805813
9.241767257
9.233329427
9.05754131
8.786124458
8.786124458
8.631430915
8.613148951
8.547052619
8.503457166
8.447204969
8.258760108
8.258760108
8
8.077346771
8.153287238
8.243290754
8.251728583
8.220789875
8.345951014
8.345951014
8.597679597
8.707371382
8.615961561
8.485175202
8.544240009
8.544240009
8.74393531
9.47943279
9.756474862
9.919606235
10.01101606
10.1094574
10.29368335
10.38368686
10.48775343
10.62416501
10.76901441
10.80557834
10.79854682
10.81964139
10.87167467
10.87167467
11.07277628
11.07558889
11.07558889
11.17824915
11.22465721
11.30341029
11.41169577
11.5059182
11.5059182
11.69576937
11.90671511
12.15563108
12.34126333
12.33704442
12.61127388
12.57049103
12.57049103
13.18082738
13.33270831
13.56193601
13.56193601
13.97398336
14.11039494
14.20883628
14.33540373
14.27352631
14.16664713
14.16242822

